boombap / Classic (production 64)
    count  selQ     bestQ    fail%   exactDup%  p50ms   p95ms   worstMs
       16   9.7260   9.7370     0.0       0.0    1.55    1.96     2.56
       32   9.7706   9.7889     0.0       0.0    3.19    4.53     7.75
       48   9.7949   9.8148     0.0       0.0    4.54    5.29     6.24
       64   9.8128   9.8343     0.0       0.0    6.05    7.10     8.09
       96   9.8278   9.8551     0.0       0.0    9.09   10.11    13.08
      128   9.8370   9.8636     0.0       0.0   12.03   13.40    18.10
boombap / Dusty (production 64)
    count  selQ     bestQ    fail%   exactDup%  p50ms   p95ms   worstMs
       16   9.7120   9.7264     0.0       0.0    1.50    2.15     2.49
       32   9.7580   9.7754     0.0       0.0    2.94    3.61     4.11
       48   9.7737   9.7979     0.0       0.0    4.41    5.29     6.76
       64   9.7998   9.8246     0.0       0.0    5.92    6.89     8.57
       96   9.8249   9.8470     0.0       0.0    8.89    9.91    14.33
      128   9.8345   9.8622     0.0       0.0   12.05   13.99    18.99
boombap / Jazzy (production 64)
    count  selQ     bestQ    fail%   exactDup%  p50ms   p95ms   worstMs
       16   9.7256   9.7406     0.0       0.0    1.53    2.00     2.50
       32   9.7699   9.7875     0.0       0.0    3.02    3.71     4.78
       48   9.7869   9.8093     0.0       0.0    4.49    5.44     7.64
       64   9.8013   9.8258     0.0       0.0    5.90    6.94     8.68
       96   9.8165   9.8463     0.0       0.0    8.97   10.32    11.66
      128   9.8194   9.8547     0.0       0.0   11.97   13.55    16.90
boombap / BoomBapGold (production 64)
    count  selQ     bestQ    fail%   exactDup%  p50ms   p95ms   worstMs
       16   9.7617   9.7759     0.0       0.0    1.54    1.99     2.63
       32   9.8050   9.8211     0.0       0.0    3.05    3.79     4.13
       48   9.8198   9.8416     0.0       0.0    4.54    5.56     7.23
       64   9.8336   9.8594     0.0       0.0    5.93    6.57     8.16
       96   9.8460   9.8775     0.0       0.0    9.10   10.07    11.32
      128   9.8548   9.8880     0.0       0.0   12.19   13.65    19.77
boombap / RussianUnderground (production 64)
    count  selQ     bestQ    fail%   exactDup%  p50ms   p95ms   worstMs
       16   9.5628   9.5770     0.0       0.0    1.42    1.97     2.24
       32   9.6069   9.6277     0.0       0.0    2.82    3.79     4.72
       48   9.6316   9.6528     0.0       0.0    4.26    5.28     6.75
       64   9.6450   9.6696     0.0       0.0    5.67    6.65     7.44
       96   9.6647   9.6930     0.0       0.0    8.40    9.50    12.32
      128   9.6840   9.7112     0.0       0.0   11.35   12.72    15.24
boombap / LofiRap (production 64)
    count  selQ     bestQ    fail%   exactDup%  p50ms   p95ms   worstMs
       16   9.7060   9.7191     0.0       0.0    1.43    2.01     2.74
       32   9.7420   9.7623     0.0       0.0    2.82    3.55     4.23
       48   9.7633   9.7878     0.0       0.0    4.20    4.80     5.82
       64   9.7824   9.8040     0.0       0.0    5.62    6.52     7.29
       96   9.7894   9.8188     0.0       0.0    8.44    9.54    11.11
      128   9.8039   9.8349     0.0       0.0   11.27   12.55    14.04
trap / ATLClassic (production 32)
    count  selQ     bestQ    fail%   exactDup%  p50ms   p95ms   worstMs
       16   0.8627   0.8900     0.0       0.0   11.97   13.80    18.32
       32   0.8648   0.8936     0.0       0.0   24.14   25.88    28.39
       48   0.8652   0.8953     0.0       0.0   36.26   38.66    40.21
       64   0.8640   0.8963     0.0       0.0   48.10   51.47    59.71
       96   0.8655   0.8975     0.0       0.0   71.97   76.06    82.61
      128   0.8669   0.8982     0.0       0.0   96.03  102.16   110.35
trap / DarkTrap (production 32)
    count  selQ     bestQ    fail%   exactDup%  p50ms   p95ms   worstMs
       16   0.8487   0.8733     0.0       0.0   11.31   12.40    13.02
       32   0.8495   0.8754     0.0       0.0   22.64   23.93    27.63
       48   0.8506   0.8765     0.0       0.0   33.94   35.76    39.32
       64   0.8488   0.8772     0.0       0.0   45.18   48.05    51.73
       96   0.8497   0.8780     0.0       0.0   67.76   70.35    72.86
      128   0.8498   0.8787     0.0       0.0   90.53   94.97   107.14
trap / CloudTrap (production 32)
    count  selQ     bestQ    fail%   exactDup%  p50ms   p95ms   worstMs
       16   0.8553   0.8789     0.0       0.0   11.16   12.38    15.42
       32   0.8528   0.8802     0.0       0.0   22.23   23.66    28.25
       48   0.8533   0.8810     0.0       0.0   33.29   35.92    39.25
       64   0.8562   0.8815     0.0       0.0   44.57   46.73    56.52
       96   0.8555   0.8819     0.0       0.0   66.73   69.99    80.49
      128   0.8555   0.8823     0.0       0.0   89.01   93.40   105.17
trap / RageTrap (production 32)
    count  selQ     bestQ    fail%   exactDup%  p50ms   p95ms   worstMs
       16   0.8080   0.8399     0.0       0.0   12.85   14.02    17.21
       32   0.8096   0.8444     0.0       0.0   25.66   27.52    37.41
       48   0.8086   0.8466     0.0       0.0   38.55   40.89    43.77
       64   0.8104   0.8477     0.0       0.0   51.65   54.48    60.52
       96   0.8097   0.8494     0.0       0.0   77.73   81.91    84.14
      128   0.8109   0.8506     0.0       0.0  103.28  112.78   124.79
trap / MemphisTrap (production 32)
    count  selQ     bestQ    fail%   exactDup%  p50ms   p95ms   worstMs
       16   0.8105   0.8431     0.0       0.0   11.62   12.78    15.04
       32   0.8155   0.8473     0.0       0.0   23.50   25.98    31.94
       48   0.8150   0.8499     0.0       0.0   35.11   37.07    46.79
       64   0.8155   0.8515     0.0       0.0   46.58   48.80    50.52
       96   0.8154   0.8537     0.0       0.0   69.86   73.82    84.03
      128   0.8137   0.8557     0.0       0.0   93.58   99.65   110.17
trap / LuxuryTrap (production 32)
    count  selQ     bestQ    fail%   exactDup%  p50ms   p95ms   worstMs
       16   0.8598   0.8857     0.0       0.0   11.57   12.66    13.81
       32   0.8618   0.8880     0.0       0.0   23.10   25.05    29.48
       48   0.8605   0.8891     0.0       0.0   34.68   36.47    38.39
       64   0.8604   0.8897     0.0       0.0   46.23   48.77   126.87
       96   0.8614   0.8907     0.0       0.0   69.27   72.63    82.07
      128   0.8613   0.8912     0.0       0.0   92.38   96.41   109.24
dnb / Modern (production 48)
    count  selQ     bestQ    fail%   exactDup%  p50ms   p95ms   worstMs
       16   0.9609   0.9693     0.0       0.0    2.01    2.69     3.61
       32   0.9641   0.9742     0.0       0.0    4.04    5.31     6.88
       48   0.9658   0.9770     0.0       0.0    6.13    7.42     9.93
       64   0.9665   0.9785     0.0       0.0    8.15    9.61    10.32
       96   0.9673   0.9805     0.0       0.0   12.20   13.61    14.42
      128   0.9686   0.9818     0.0       0.0   16.12   18.18    19.86
dnb / Roller (production 48)
    count  selQ     bestQ    fail%   exactDup%  p50ms   p95ms   worstMs
       16   0.9795   0.9836     0.0       0.5    2.37    3.09     4.38
       32   0.9813   0.9885     0.0       0.0    4.84    5.85     7.60
       48   0.9821   0.9907     0.0       0.0    7.26    8.46    10.31
       64   0.9831   0.9918     0.0       0.0    9.64   11.15    14.57
       96   0.9833   0.9932     0.0       0.5   14.40   16.30    17.16
      128   0.9848   0.9940     0.0       0.0   19.29   21.57    26.25
dnb / Liquid (production 48)
    count  selQ     bestQ    fail%   exactDup%  p50ms   p95ms   worstMs
       16   0.9719   0.9804     0.0       0.5    1.92    2.53     3.31
       32   0.9754   0.9838     0.0       0.0    3.90    5.10     7.12
       48   0.9758   0.9851     0.0       0.5    5.85    6.92     8.29
       64   0.9757   0.9862     0.0       0.0    7.93    9.38    11.17
       96   0.9757   0.9873     0.0       0.0   11.77   13.22    15.61
      128   0.9766   0.9882     0.0       0.0   15.72   17.37    18.48
dnb / Neurofunk (production 48)
    count  selQ     bestQ    fail%   exactDup%  p50ms   p95ms   worstMs
       16   0.9774   0.9824     0.0       0.0    2.26    3.14     4.09
       32   0.9802   0.9875     0.0       0.0    4.63    5.48     6.37
       48   0.9815   0.9899     0.0       0.0    6.99    8.21    12.10
       64   0.9819   0.9906     0.0       0.0    9.29   10.77    11.88
       96   0.9827   0.9918     0.0       0.0   13.89   15.79    19.61
      128   0.9822   0.9926     0.0       0.0   18.48   20.20    23.54
dnb / Jump-Up (production 48)
    count  selQ     bestQ    fail%   exactDup%  p50ms   p95ms   worstMs
       16   0.9697   0.9777     0.0       0.5    1.61    2.15     2.50
       32   0.9718   0.9804     0.0       0.0    3.31    4.03     5.20
       48   0.9732   0.9821     0.0       0.5    4.93    6.04     8.29
       64   0.9723   0.9830     0.0       1.0    6.63    7.84    12.96
       96   0.9724   0.9842     0.0       1.0    9.99   11.77    12.90
      128   0.9727   0.9851     0.0       0.0   13.11   15.06    16.76
dnb / Breakbeat (production 48)
    count  selQ     bestQ    fail%   exactDup%  p50ms   p95ms   worstMs
       16   0.9753   0.9818     0.0       0.0    4.28    5.44     6.75
       32   0.9776   0.9856     0.0       0.0    8.53   10.35    11.71
       48   0.9784   0.9878     0.0       0.0   12.93   14.52    15.71
       64   0.9799   0.9889     0.0       0.0   16.94   19.31    22.35
       96   0.9793   0.9904     0.0       0.0   25.73   28.10    31.00
      128   0.9796   0.9909     0.0       0.0   33.79   38.75    41.62
techno / Peak Time (production 48)
    count  selQ     bestQ    fail%   exactDup%  p50ms   p95ms   worstMs
       16   0.9768   0.9798     0.0       3.5    0.60    0.94     1.08
       32   0.9836   0.9884     0.0       4.5    1.16    1.63     2.02
       48   0.9848   0.9916     0.0       4.0    1.74    2.31     2.92
       64   0.9860   0.9931     0.0       4.0    2.33    3.11     3.86
       96   0.9856   0.9947     0.0       4.5    3.50    4.33     5.61
      128   0.9868   0.9956     0.0       3.5    4.74    5.72     8.31
techno / Hypnotic (production 48)
    count  selQ     bestQ    fail%   exactDup%  p50ms   p95ms   worstMs
       16   0.9658   0.9691     0.0       0.0    0.71    1.06     1.28
       32   0.9730   0.9779     0.0       1.0    1.37    1.78     2.26
       48   0.9770   0.9829     0.0       1.5    2.06    2.67     3.43
       64   0.9795   0.9862     0.0       1.0    2.77    3.49     3.88
       96   0.9823   0.9896     0.0       0.5    4.15    5.15     6.03
      128   0.9832   0.9917     0.0       1.0    5.56    6.66     7.78
techno / Minimal (production 48)
    count  selQ     bestQ    fail%   exactDup%  p50ms   p95ms   worstMs
       16   0.9630   0.9656     0.0       8.0    0.48    0.63     0.92
       32   0.9738   0.9776     0.0      10.5    0.94    1.13     1.34
       48   0.9788   0.9829     0.0      11.5    1.42    1.73     2.38
       64   0.9802   0.9855     0.0      11.0    1.89    2.43     2.94
       96   0.9828   0.9891     0.0      10.5    2.82    3.58     4.73
      128   0.9841   0.9907     0.0      13.0    3.80    4.77     6.17
techno / Detroit (production 48)
    count  selQ     bestQ    fail%   exactDup%  p50ms   p95ms   worstMs
       16   0.9675   0.9698     0.0       3.5    0.64    0.92     1.32
       32   0.9780   0.9833     0.0       5.0    1.26    1.86     2.21
       48   0.9822   0.9880     0.0       5.5    1.86    2.29     2.92
       64   0.9838   0.9904     0.0       5.0    2.51    3.28     4.13
       96   0.9840   0.9930     0.0       6.5    3.73    4.56     5.68
      128   0.9849   0.9943     0.0       5.0    5.00    5.95     9.68
techno / Dub (production 48)
    count  selQ     bestQ    fail%   exactDup%  p50ms   p95ms   worstMs
       16   0.9569   0.9592     0.0      23.0    0.51    0.79     0.97
       32   0.9685   0.9726     0.0      23.5    1.00    1.28     1.78
       48   0.9724   0.9778     0.0      21.0    1.48    1.86     2.44
       64   0.9742   0.9807     0.0      19.5    2.00    2.69     3.03
       96   0.9769   0.9849     0.0      15.5    2.95    3.75     4.62
      128   0.9777   0.9871     0.0      14.5    3.98    4.83     6.11
techno / Acid (production 48)
    count  selQ     bestQ    fail%   exactDup%  p50ms   p95ms   worstMs
       16   0.9617   0.9659     0.0       8.5    0.54    0.74     0.92
       32   0.9703   0.9759     0.0      10.5    1.06    1.42     1.81
       48   0.9755   0.9815     0.0      12.5    1.57    2.17     2.60
       64   0.9767   0.9838     0.0      16.0    2.10    2.77     3.66
       96   0.9802   0.9870     0.0      15.5    3.18    3.98     4.50
      128   0.9807   0.9887     0.0      16.5    4.21    5.23     7.20
techno / Hard (production 48)
    count  selQ     bestQ    fail%   exactDup%  p50ms   p95ms   worstMs
       16   0.9765   0.9803     0.0       1.5    0.71    0.97     1.28
       32   0.9821   0.9887     0.0       1.5    1.39    1.80     2.36
       48   0.9850   0.9917     0.0       1.5    2.06    2.73     3.25
       64   0.9858   0.9928     0.0       1.5    2.81    3.39     4.91
       96   0.9861   0.9946     0.0       1.5    4.16    4.96     6.22
      128   0.9868   0.9955     0.0       0.5    5.52    6.56     8.83
